37
14
100
110
61
60
79
83
81
67
99
95
99
72
66
30
75
96
55
101
21
68
99
14
106
79
74
75
66
55
45
60
25
88
60
46
87
17
99
97
75
88
87
37
99
103
99
82
62
44
72
56
14
80
99
79
22
60
89
44
88
95
84
57
77
55
64
75
99
55
56
60
30
21
62
72
86
87
75
60
87
109
88
88
99
99
73
77
11
88
22
79
99
66
66
95
66
65
22
75
55
95
20
38
60
89
60
60
60
22
72
88
75
71
110
45
12
51
99
22
88
87
55
32
26
79
104
106
75
19
84
72
104
60
25
88
90
52
99
80
44
89
75
99
52
20
79
84
68
62
102
97
104
97
66
99
104
99
104
57
106
55
87
91
90
79
85
99
99
88
75
45
88
88
71
79
79
66
100
79
102
60
55
20
96
80
72
79
99
77
99
99
60
27
36
51
62
37
67
95
54
99
37
10
60
95
101
87
99
38
96
66
60
60
55
99
97
79
88
108
86
106
45
45
104
79
88
81
60
65
14
60
88
82
55
99
71
75
60
88
60
79
45
82
55
75
60
75
108
22
88
60
74
55
99
21
99
72
88
87
84
55
21
60
36
87
96
98
71
36
60
96
103
99
38
74
60
20
66
55
55
82
88
25
75
99
21
55
88
99
97
96
60
42
99
85
97
104
55
87
60
110
88
59
84
104
75
95
99
77
97
60
97
79
97
42
66
100
102
60
66
79
60
62
79
79
60
88
99
66
84
104
79
20
80
72
96
88
95
60
87
60
60
56
21
44
88
22
108
20
99
99
54
96
88
66
99
104
58
79
60
60
84
104
38
71
99
108
60
72
88
106
88
92
37
40
79
109
75
45
108
60
97
38
51
45
85
88
79
71
79
98
58
55
60
36
41
94
62
87
87
72
68
88
55
104
25
55
99
90
89
55
87
10
99
99
10
67
79
21
22
60
68
97
99
60
60
110
80
55
65
60
99
90
10
46
60
55
57
36
104
99
92
62
86
21
55
84
27
37
60
52
99
99
108
60
97
99
14
66
72
75
87
108
99
17
99
71
88
79
60
57
100
60
14
55
97
60
55
66
88
97
77
46
66
79
36
62
86
22
99
60
97
99
66
96
97
90
108
87
59
22
25
67
104
55
60
66
85
96
77
66
88
96
60
56
99
79
99
74
99
81
14
25
96
66
62
20
37
45
99
85
99
96
79
107
79
87
83
45
42
85
79
55
75
75
88
10
77
99
72
99
90
87
99
88
71
20
85
99
66
88
22
37
75
96
99
87
109
108
21
104
10
99
55
66
70
83
99
96
65
96
55
95
66
38
84
60
64
93
14
67
62
56
52
24
41
92
14
36
57
98
104
71
75
80
96
11
79
36
96
104
72
97
97
14
60
99
55
60
55
60
96
99
55
60
96
104
55
94
19
107
95
22
75
85
104
42
104
81
10
55
20
95
90
104
99
95
60
104
88
60
60
95
99
22
21
72
10
104
72
67
55
60
30
60
60
74
45
107
75
88
55
60
99
29
57
80
66
87
60
92
62
75
71
42
75
80
20
22
60
87
101
89
89
85
72
60
87
66
60
99
90
79
55
88
104
25
83
60
60
99
99
21
55
79
99
75
36
26
99
83
19
75
79
45
52
95
99
46
87
20
71
52
75
72
82
75
99
95
62
57
96
99
88
99
25
97
87
88
106
87
14
110
60
88
96
88
88
82
75
90
96
79
104
96
104
45
66
55
97
75
108
103
88
62
88
87
107
26
75
19
13
55
55
79
10
67
36
88
60
98
99
55
27
20
66
60
66
74
26
88
99
60
97
55
108
55
99
95
55
60
104
87
10
60
19
99
66
38
81
99
68
104
97
22
75
55
103
87
66
99
75
58
99
95
109
108
22
83
96
20
99
96
104
88
95
61
97
71
99
68
66
75
66
22
60
99
60
79
66
66
45
75
82
96
20
21
97
79
87
99
71
88
107
88
55
71
67
55
60
99
104
29
38
66
52
79
12
84
60
86
98
71
58
99
90
87
84
97
98
60
65
104
74
75
66
72
80
21
25
88
63
75
66
60
55
88
27
58
29
90
85
45
88
88
99
95
66
19
101
75
97
73
88
99
60
17
25
79
99
66
30
55
99
108
79
64
88
79
19
75
99
17
66
107
36
40
95
60
99
88
107
24
68
109
60
84
66
82
79
88
80
104
96
22
60
75
79
95
104
71
60
86
97
99
86
72
99
109
21
104
60
60
71
104
42
58
65
99
87
20
72
88
88
75
68
66
88
99
88
99
75
75
104
37
60
55
82
64
75
79
61
60
87
104
55
107
97
22
66
20
79
66
20
88
65
21
75
45
89
36
55
60
22
10
97
99
64
87
99
88
99
89
71
99
104
104
79
71
29
45
72
65
21
60
82
71
106
99
54
57
17
79
96
99
104
84
97
44
21
36
60
88
22
54
41
99
99
20
60
36
75
22
10
71
58
14
45
51
60
74
95
55
99
40
75
99
96
96
45
60
99
104
88
95
32
60
88
90
36
60
92
93
66
104
98
99
110
95
66
96
45
25
60
99
21
57
13
104
99
60
40
26
108
85
79
84
88
60
52
60
10
74
60
79
96
75
86
107
55
107
110
44
55
99
88
104
66
36
79
21
88
89
88
45
27
96
56
55
66
37
87
88
58
30
104
95
99
75
89
66
40
88
109
26
60
74
75
14
60
55
88
55
25
62
65
66
60
106
107
77
61
71
82
88
99
99
75
45
45
60
88
96
99
88
17
20
75
22
72
99
11
60
99
71
95
74
87
99
104
37
86
107
25
55
79
104
74
44
104
23
62
79
94
84
104
99
85
95
60
84
68
55
22
38
79
99
88
88
66
55
55
66
58
20
79
27
63
60
88
99
36
99
60
71
32
108
36
99
99
87
95
79
68
56
99
88
99
60
104
75
81
19
97
88
77
107
99
44
99
104
96
107
79
108
88
55
60
87
75
99
51
75
72
96
45
72
19
88
86
20
27
87
62
55
22
97
87
84
109
101
89
75
88
45
66
90
72
55
55
78
17
60
60
36
90
62
79
21
14
41
62
95
19
19
21
29
14
22
108
84
88
96
16
87
87
75
99
60
74
55
99
21
36
107
20
19
96
55
25
75
22
26
88
44
104
97
37
21
21
20
64
87
92
60
96
60
88
13
87
110
99
36
74
99
99
66
99
95
60
62
60
79
55
96
45
99
97
72
88
22
108
22
88
99
88
99
85
88
99
97
87
72
21
36
95
104
89
60
77
68
60
19
65
66
21
84
106
21
64
100
99
62
30
60
107
71
108
84
10
55
60
57
88
60
99
99
44
99
82
60
106
60
14
19
108
104
75
110
99
71
55
104
60
92
66
10
37
104
87
87
99
63
19
60
60
79
19
94
97
95
20
87
96
104
60
60
79
104
49
99
87
88
88
60
66
55
79
55
72
99
55
82
82
75
108
106
104
81
27
25
14
104
72
75
104
97
60
88
99
19
71
75
84
56
99
99
99
96
79
66
97
88
84
22
99
22
88
95
106
99
60
45
22
85
99
62
60
87
14
20
104
62
60
80
99
104
95
97
90
75
60
61
108
99
20
79
84
66
19
104
87
25
98
99
59
65
95
75
22
104
72
55
60
99
96
19
99
46
89
22
99
95
22
95
60
88
60
88
55
45
60
79
36
88
94
60
97
104
104
99
60
60
22
55
99
58
104
62
110
99
87
75
102
60
99
101
79
66
86
108
11
89
99
30
94
97
14
10
60
22
79
55
37
79
88
57
88
90
65
60
101
104
75
75
14
37
87
89
62
1
55
75
107
21
88
86
60
84
99
75
22
52
96
82
55
20
10
84
79
88
25
93
96
71
72
99
99
96
37
66
58
88
99
25
22
79
60
66
96
60
80
99
55
89
37
26
75
88
62
98
99
84
55
104
87
36
88
72
45
60
30
83
95
99
66
88
99
58
107
60
55
99
36
14
22
60
79
23
55
99
71
58
55
25
99
87
99
79
107
99
57
60
36
60
20
20
20
81
60
99
60
96
42
87
96
19
95
60
24
14
88
22
60
60
71
95
96
88
87
22
104
99
60
60
19
72
99
72
40
20
20
104
60
45
96
19
92
96
60
62
97
99
60
73
96
56
22
97
99
97
58
61
17
88
37
66
57
60
60
1
71
10
60
10
75
75
84
95
21
74
68
99
66
62
20
95
60
38
99
62
87
17
75
87
42
25
21
82
20
79
22
82
88
25
84
68
42
87
55
99
99
66
75
26
99
65
99
37
84
15
21
75
89
87
71
101
101
60
87
60
22
99
11
87
37
22
68
99
60
108
95
17
99
88
99
106
75
22
87
99
99
90
75
96
85
100
26
10
60
99
55
60
87
75
88
75
95
20
96
96
89
88
55
60
88
37
87
97
52
55
22
60
87
60
36
37
73
46
55
19
104
40
99
85
60
71
99
19
19
99
92
99
88
87
80
79
60
99
24
94
45
95
60
99
87
60
79
14
40
88
87
60
87
99
95
55
99
60
93
80
108
87
60
93
68
110
87
65
60
87
75
60
88
104
88
97
88
20
79
109
88
70
80
101
99
1
99
60
60
58
42
37
94
99
71
60
75
87
88
66
60
88
60
46
37
97
87
75
45
22
10
13
14
55
60
108
60
87
22
99
42
104
90
75
28
75
81
79
60
60
100
65
66
57
60
99
60
66
42
55
104
55
79
37
60
85
60
88
45
18
87
88
88
99
99
82
17
60
60
88
87
70
75
30
99
99
95
97
107
61
74
60
60
88
96
97
75
20
72
55
88
66
77
75
60
22
98
84
95
22
60
95
22
84
101
22
62
73
64
79
58
60
60
79
82
26
66
81
104
66
87
99
19
84
99
72
101
101
27
90
58
88
110
104
55
60
61
20
71
55
57
99
55
79
60
90
96
37
107
14
55
85
92
99
60
30
96
90
55
68
87
26
71
66
88
79
60
99
22
72
108
85
36
60
84
79
60
60
45
99
60
57
88
84
92
75
79
60
56
72
55
99
99
56
88
99
59
36
12
97
87
10
22
83
99
14
88
22
88
55
104
87
36
99
55
55
38
66
21
64
88
75
80
104
108
75
88
87
95
99
99
20
88
10
60
84
95
99
41
79
60
108
88
46
73
97
36
108
88
77
57
60
55
82
101
87
45
55
99
88
106
75
60
106
22
60
108
96
60
101
22
72
87
60
60
99
60
86
60
79
99
36
106
87
66
55
97
12
94
79
25
25
98
88
88
60
60
60
20
82
25
88
52
103
107
90
21
88
60
101
29
75
60
67
90
72
71
97
99
60
29
55
97
21
79
57
99
60
84
71
55
99
87
96
55
88
79
79
92
86
60
96
104
25
99
82
66
36
99
36
38
99
72
95
97
87
110
104
62
99
86
60
37
75
66
88
66
104
10
60
60
108
25
72
44
57
99
88
60
38
22
60
99
99
38
62
60
96
75
90
36
99
88
66
60
99
67
37
68
60
87
96
60
55
26
14
79
55
104
72
71
60
60
66
99
65
71
63
79
74
99
75
99
87
60
36
89
79
107
45
